139 139
1 1 1 1 1 1 1 1 1 1 1 1 1 1 1 1 1 1 1 1 1 1 1 1 1 1 1 1 1 1 1 1 1 1 1 1 1 1 1 1 1 1 1 1 1 1 1 1 1 1 1 1 1 1 1 1 1 1 1 1 1 1 1 1 1 1 1 1 1 1 1 1 1 1 1 1 1 1 1 1 1 1 1 1 1 1 1 1 1 1 1 1 1 1 1 1 1 1 1 1 1 1 1 1 1 1 1 1 1 1 1 1 1 1 1 1 1 1 1 1 1 1 1 1 1 1 1 1 1 1 1 1 1 1 1 1 1 1 1
41
1 2 4 5 7 8 10 12 13 17 25 27 30 31 38 42 44 46 47 48 54 60 62 65 66 68 69 73 74 77 80 81 82 110 111 112 115 121 132 136 138
41
1 2 8 9 17 18 21 22 25 27 38 41 42 46 50 52 54 55 56 57 60 63 65 66 67 69 70 73 77 78 79 80 82 83 92 98 101 111 121 122 138
4
3 20 129 139
33
1 4 5 7 8 10 12 17 19 23 25 31 38 47 48 54 60 66 68 69 74 92 93 106 110 111 112 113 114 115 117 132 136
31
1 4 5 7 8 10 12 13 25 31 38 42 44 47 48 54 60 62 66 68 69 74 81 82 110 111 112 114 115 132 136
18
6 11 14 24 26 28 29 32 37 43 45 49 51 64 76 94 131 137
32
1 4 5 7 8 10 12 13 19 23 25 31 38 44 47 48 54 60 62 66 68 69 74 93 106 110 111 112 114 115 132 136
49
1 2 4 5 7 8 9 10 12 13 17 18 21 22 25 27 30 38 42 44 46 47 48 50 54 65 66 67 68 69 70 73 74 77 78 80 81 82 92 109 111 112 115 121 122 126 132 136 138
37
2 8 9 17 18 21 22 27 38 39 41 42 46 52 55 56 57 58 59 63 65 67 70 72 77 78 79 80 83 92 98 101 102 111 121 122 124
38
1 4 5 7 8 10 12 13 17 23 25 31 38 42 44 47 48 54 60 62 65 66 68 69 74 77 80 81 82 92 110 111 112 114 115 117 132 136
13
6 11 14 24 26 29 32 51 64 76 94 131 137
36
1 4 5 7 8 10 12 16 17 25 38 42 44 47 48 50 54 60 65 66 69 74 80 81 82 87 92 110 111 112 114 115 125 126 132 136
15
1 5 7 8 10 13 30 31 44 62 73 77 81 111 138
23
6 11 14 15 24 26 28 29 32 37 43 45 49 51 64 76 94 123 130 131 134 135 137
20
14 15 26 28 29 32 37 43 49 64 76 91 94 103 123 130 131 134 135 137
16
12 16 33 42 50 69 74 75 82 87 92 108 115 125 126 136
52
1 2 4 8 9 10 12 17 18 21 22 25 27 38 41 42 44 46 48 50 52 54 55 56 57 58 60 65 66 67 68 69 70 73 74 77 78 79 80 82 83 92 98 101 111 112 115 117 121 122 136 138
38
2 8 9 17 18 21 22 27 38 39 41 42 46 52 55 56 57 58 59 63 65 67 70 72 77 78 79 80 83 92 98 101 102 120 121 122 124 138
15
4 7 19 34 47 54 74 93 110 112 114 115 116 132 136
6
3 20 35 40 129 139
41
2 8 9 17 18 21 22 27 38 39 41 46 52 54 55 56 57 58 59 60 63 65 66 67 69 70 72 77 78 79 80 83 88 92 95 98 101 111 121 122 124
47
2 8 9 17 18 21 22 25 27 38 39 41 42 46 50 52 54 55 56 57 58 59 63 65 66 67 69 70 72 77 78 79 80 83 88 92 95 98 101 102 111 117 120 121 122 124 138
9
4 7 10 23 31 68 106 110 112
16
6 11 14 24 26 28 29 32 37 49 51 64 76 94 131 137
46
1 2 4 5 7 8 10 12 17 22 25 27 38 42 44 46 47 48 50 54 60 65 66 67 68 69 73 74 77 80 81 82 92 93 110 111 112 115 117 121 122 125 126 132 136 138
25
6 11 14 15 24 26 28 29 32 37 43 45 49 51 64 76 91 94 103 123 130 131 134 135 137
45
1 2 8 9 17 18 21 22 25 27 38 39 41 42 44 46 52 54 55 56 57 58 59 63 65 66 67 69 70 72 73 77 78 79 80 82 83 92 98 101 111 121 122 124 138
23
6 14 15 24 26 28 29 32 37 43 45 49 64 76 91 94 103 123 130 131 134 135 137
25
6 11 14 15 24 26 28 29 32 37 43 45 49 51 64 76 91 94 103 123 130 131 134 135 137
12
1 8 13 30 44 73 77 80 81 109 111 138
21
1 4 5 7 10 13 23 31 44 47 54 60 62 68 74 81 93 110 112 132 136
25
6 11 14 15 24 26 28 29 32 37 43 45 49 51 64 76 91 94 103 123 130 131 134 135 137
11
16 33 42 50 80 82 86 87 108 109 121
5
19 34 93 110 114
4
20 35 40 129
2
36 128
18
6 14 15 24 26 28 29 32 37 49 61 64 91 94 103 123 130 137
57
1 2 4 5 7 8 9 10 12 17 18 21 22 25 27 38 41 42 46 47 48 50 52 54 55 56 57 60 65 66 67 68 69 70 73 74 77 78 79 80 82 83 92 93 98 101 110 111 112 115 117 121 122 126 132 136 138
27
9 18 21 22 27 39 41 55 57 58 59 63 67 72 78 79 80 83 88 92 98 101 102 120 121 122 124
5
20 35 40 129 139
35
2 9 17 18 21 22 27 38 39 41 46 52 55 56 57 58 59 63 65 67 70 72 78 79 83 88 92 95 98 101 102 120 121 122 124
47
1 2 5 8 9 10 12 16 17 18 22 25 27 33 38 42 44 46 47 48 50 54 65 66 69 73 74 77 78 80 81 82 86 87 92 108 109 111 115 117 121 122 125 126 132 136 138
17
6 14 15 26 28 29 32 43 49 64 76 94 130 131 134 135 137
28
1 5 7 8 10 12 13 17 25 27 30 31 42 44 46 62 65 73 77 80 81 82 86 109 111 121 136 138
11
6 14 26 28 29 32 45 49 64 94 137
39
1 2 8 9 17 18 21 22 25 27 38 41 42 44 46 50 54 56 60 65 66 67 69 70 73 74 77 78 80 81 82 86 92 101 109 111 121 122 138
37
1 4 5 7 8 10 12 19 25 31 38 42 47 48 50 54 66 68 69 74 82 92 93 96 106 110 111 112 114 115 116 117 125 126 127 132 136
38
1 4 5 7 8 10 12 17 25 38 42 47 48 50 54 60 66 67 68 69 74 80 82 92 93 110 111 112 113 114 115 117 121 122 125 126 132 136
24
6 14 15 24 26 28 29 32 37 43 45 49 64 76 91 94 103 104 123 130 131 134 135 137
34
2 8 12 16 17 22 25 33 38 42 46 47 48 50 54 65 66 69 74 80 82 87 92 108 109 114 115 117 121 122 125 126 132 136
11
6 11 14 24 26 29 32 51 76 94 137
25
2 9 17 18 21 22 27 38 41 52 55 56 59 60 67 70 72 83 88 95 98 101 113 122 124
3
53 102 120
51
1 2 4 5 7 8 10 12 17 19 21 22 25 27 31 38 42 46 47 48 50 54 56 60 65 66 67 68 69 70 74 77 80 82 92 93 96 100 110 111 112 114 115 117 118 121 122 125 126 132 136
30
2 9 17 18 21 22 27 38 39 41 52 55 56 57 58 59 63 67 72 78 79 83 92 98 101 102 120 121 122 124
30
2 9 17 18 21 22 27 38 41 46 52 54 55 56 59 60 65 67 70 77 78 79 83 92 95 98 101 121 122 124
30
2 9 17 18 21 22 27 38 39 41 55 57 58 59 63 67 72 78 79 80 83 88 92 98 101 102 120 121 122 124
28
9 17 18 21 22 27 39 41 55 57 58 59 63 67 72 78 79 83 88 92 98 100 101 102 120 121 122 124
27
9 18 21 22 27 39 41 52 55 56 57 58 59 63 67 72 78 79 83 88 98 101 102 120 121 122 124
33
1 2 4 5 7 10 12 17 21 25 31 38 46 48 52 54 56 60 65 66 68 70 74 77 92 110 111 112 113 115 121 132 136
6
37 61 71 91 123 137
12
1 5 7 10 13 31 44 62 73 81 111 112
27
2 9 18 21 22 27 39 41 55 57 58 59 63 67 72 78 79 83 88 92 98 101 102 120 121 122 124
23
6 11 14 15 24 26 28 29 32 37 43 45 49 64 76 94 103 123 130 131 134 135 137
44
1 2 8 9 10 12 17 18 21 22 25 27 38 41 42 44 46 50 54 56 60 65 66 67 68 69 70 73 74 77 78 80 81 82 86 92 101 109 111 115 121 122 136 138
43
1 2 4 5 7 8 10 12 17 21 22 25 27 38 42 46 47 48 50 54 60 65 66 67 68 69 74 77 80 82 92 96 100 110 111 112 114 115 117 121 122 132 136
43
2 8 9 17 18 21 22 25 27 38 39 41 46 48 52 54 55 56 57 58 59 63 65 66 67 69 70 72 74 78 79 80 83 88 92 98 101 102 117 120 121 122 124
32
1 4 5 7 8 10 17 23 25 31 38 47 48 54 60 65 66 68 69 70 74 92 93 110 111 112 113 115 117 121 132 136
45
1 2 4 5 7 8 10 12 16 17 21 22 25 27 38 42 46 47 48 50 54 65 66 67 68 69 74 80 82 87 92 93 96 110 111 112 114 115 117 121 122 125 126 132 136
29
2 8 9 17 18 21 22 27 38 41 46 52 54 56 60 65 67 68 70 73 77 78 80 83 92 101 121 122 138
2
61 71
28
9 18 21 22 27 39 41 52 55 57 58 59 63 67 72 78 79 80 83 88 92 98 101 102 120 121 122 124
27
1 2 8 13 17 25 27 30 38 42 44 46 62 65 70 73 77 78 80 81 82 86 109 111 121 136 138
46
1 4 5 7 8 10 12 16 17 19 25 31 38 42 46 47 48 50 54 60 65 66 67 68 69 74 77 80 82 92 93 96 110 111 112 114 115 117 118 121 122 125 126 127 132 136
4
16 75 108 126
20
6 11 14 15 24 26 28 29 32 43 49 51 64 76 94 130 131 134 135 137
36
1 2 8 9 10 13 17 18 21 22 25 27 30 38 42 44 46 54 56 60 65 66 70 73 74 77 78 80 81 82 92 111 121 122 136 138
38
2 8 9 17 18 21 22 27 38 39 41 42 46 55 56 57 58 59 63 65 67 70 72 73 77 78 79 80 83 92 98 101 102 120 121 122 124 138
30
2 9 17 18 21 22 27 38 39 41 55 56 57 58 59 63 67 72 78 79 80 83 92 98 101 102 120 121 122 124
46
1 2 8 9 10 12 17 18 21 22 25 27 30 33 38 39 42 44 46 48 50 54 57 65 66 67 69 70 72 73 74 77 78 79 80 81 82 86 92 101 109 111 121 122 136 138
24
1 5 8 10 12 13 25 30 31 42 44 46 62 65 73 77 80 81 82 86 109 111 136 138
39
1 2 5 8 10 12 16 17 25 27 33 38 42 44 46 47 48 50 54 65 66 69 73 74 77 80 81 82 86 87 92 109 111 115 121 125 126 132 136
32
2 9 17 18 21 22 27 38 39 41 52 55 56 57 58 59 63 67 70 72 78 79 83 88 92 95 98 101 120 121 122 124
2
84 99
1
85
14
33 42 44 46 65 73 80 81 82 86 87 108 109 121
14
12 16 33 42 50 69 82 86 87 108 109 115 125 126
22
21 22 39 41 52 57 58 59 63 67 72 83 88 92 98 100 101 102 117 120 122 124
2
89 99
2
90 100
15
15 26 28 29 32 37 49 61 91 94 103 123 130 134 137
58
2 4 8 9 10 12 16 17 18 21 22 25 27 38 39 41 42 46 47 48 50 54 55 56 57 58 60 63 65 66 67 68 69 70 72 74 77 78 79 80 82 83 88 92 98 100 101 111 112 115 117 121 122 124 125 126 132 136
21
4 7 19 25 31 34 38 47 48 54 68 69 74 93 110 112 114 115 125 132 136
25
6 11 14 15 24 26 28 29 32 37 43 45 49 51 64 76 91 94 103 123 130 131 134 135 137
8
21 22 41 52 56 83 95 101
12
47 54 66 69 74 96 114 115 117 118 125 136
1
97
33
2 9 17 18 21 22 27 38 39 41 52 55 56 57 58 59 63 67 72 78 79 83 88 92 98 100 101 102 117 120 121 122 124
3
84 89 99
11
54 58 66 88 90 92 98 100 117 118 119
36
2 9 17 18 21 22 27 38 39 41 46 52 55 56 57 58 59 63 65 67 70 72 78 79 80 83 88 92 95 98 101 102 120 121 122 124
22
9 18 22 39 41 53 55 57 58 59 63 67 72 78 79 88 98 101 102 120 122 124
12
15 26 28 29 32 37 49 64 91 94 103 123
3
49 104 131
6
105 114 115 116 125 127
10
4 7 23 47 106 110 112 114 132 133
2
107 133
10
16 33 42 50 75 86 87 108 109 126
17
8 30 33 42 44 46 50 65 73 80 81 82 86 87 108 109 121
28
1 4 5 7 10 12 19 23 25 31 34 38 47 48 54 60 66 68 69 74 93 106 110 112 114 115 132 136
43
1 2 4 5 7 8 9 10 12 13 17 21 22 25 27 30 38 42 44 46 47 48 54 60 62 65 66 68 69 73 74 77 80 81 82 92 111 112 121 122 132 136 138
34
1 4 5 7 8 10 12 17 19 23 25 31 38 47 48 54 60 62 66 68 69 74 92 93 106 110 111 112 113 114 115 117 132 136
7
4 48 52 60 68 112 113
28
4 5 7 10 12 19 34 47 48 50 54 66 69 74 93 96 105 106 110 112 114 115 116 125 126 127 132 136
40
1 4 5 7 8 10 12 16 17 19 25 38 42 47 48 50 54 60 65 66 68 69 74 82 87 92 93 96 105 110 112 114 115 116 117 125 126 127 132 136
9
19 47 105 114 115 116 125 127 132
30
4 10 17 22 25 38 42 47 48 50 54 66 67 68 69 74 88 92 96 98 100 112 115 117 118 121 122 125 126 136
6
54 74 96 100 117 118
2
100 119
22
18 22 39 41 53 55 57 58 59 63 67 72 78 79 83 88 98 101 102 120 122 124
53
1 2 8 9 17 18 21 22 25 27 33 38 39 41 42 44 46 48 50 54 55 56 57 58 59 60 63 65 66 67 68 69 70 72 73 74 77 78 79 80 82 83 86 92 98 101 109 111 117 121 122 124 138
48
2 8 9 17 18 21 22 25 27 38 39 41 42 46 48 50 52 54 55 56 57 58 59 63 65 66 67 69 70 72 74 77 78 79 80 83 88 92 98 101 102 111 117 120 121 122 124 138
18
14 15 26 28 29 32 37 49 61 64 91 94 103 123 130 134 135 137
28
9 18 21 22 27 39 41 52 55 56 57 58 59 63 67 72 78 79 83 88 92 98 101 102 120 121 122 124
25
12 16 25 42 47 48 50 54 69 74 82 87 92 93 96 105 114 115 116 117 125 126 127 132 136
25
8 12 16 25 38 42 47 48 50 54 69 74 75 82 87 92 108 114 115 117 125 126 127 132 136
10
47 74 105 114 115 116 125 126 127 136
2
36 128
6
3 20 35 40 129 139
19
14 15 26 28 29 32 37 43 49 64 76 91 94 123 130 131 134 135 137
20
6 11 14 15 24 26 28 29 32 43 49 64 76 94 104 130 131 134 135 137
35
1 4 5 7 8 10 12 19 25 31 38 42 47 48 50 54 60 66 68 69 74 82 92 93 106 110 111 112 114 115 116 125 126 132 136
3
106 107 133
17
14 15 26 28 29 32 43 49 64 76 91 94 123 130 131 134 135
16
14 15 26 28 29 32 43 49 64 76 94 123 130 131 134 135
44
1 4 5 7 8 10 12 16 17 19 25 31 38 42 44 47 48 50 54 60 65 66 68 69 73 74 77 80 81 82 92 93 96 110 111 112 114 115 117 125 126 127 132 136
23
6 11 14 15 24 26 28 29 32 37 43 45 49 51 61 64 76 91 94 123 130 131 137
25
1 2 8 13 17 18 22 25 27 30 38 42 44 46 65 70 73 77 78 80 81 111 121 122 138
5
3 20 40 129 139
